  0   0   0 255 239 241 241 241 241 241 241 239 255   0   0   0
  0   0 238 242 242 241 242   0   0 242 241 242 242 238   0   0
  0 238 241 242 238 241 239 239 239 239 241 238 242 241 238   0
255 242 242   0 239 242 241 241 241 241 242 239   0 242 242 255
239 242 238 239 241 241 241 239 239 241 241 241 239 238 242 239
241 241 241 242 241 242 239 255 255 239 242 241 242 241 241 241
241 242 239 241 241 239   0   0 241 241 241 241 241 239 242 241
241   0 239 241 241 241 238   0 239 241 241 241 241 239   0 241
241   0 239 241 241 241 241 238   0 238 241 241 241 239   0 241
241 242 239 241 241 239   0   0   0   0 239 241 241 239 242 241
241 241 241 242 241 242 239 255 255 239 242 241 242 241 241 241
239 242 238 239 241 241 241 239 239 241 241 241 239 238 242 239
255 242 242 255 239 242 241 241 241 241 242 239 255 242 242 255
  0 238 241 242 238 241 239 239 239 239 241 238 242 241 238   0
  0   0 238 242 242 241 242   0   0 242 241 242 242 238   0   0
  0   0   0 255 239 241 241 241 241 241 241 239 255   0   0   0
  0   0   0  73  64  65  65  65  65  65  65  64  73   0   0   0
  0   0  68  65  65  65  65   0   0  65  65  65  65  68   0   0
  0  68  65  66  66  65  64  64  64  64  65  66  66  65  68   0
 73  65  66   0  65  66  65  65  65  65  66  65   0  66  65  73
 64  65  66  65  66  65  65  64  64  65  65  66  65  66  65  64
 65  65  65  66  65  65  64  51  51  64  65  65  66  65  65  65
 65  65  64  65  65  64   0   0  65  65  65  65  65  64  65  65
 65   0  64  65  65  65  62   0  66  65  65  65  65  64   0  65
 65   0  64  65  65  65  65  68   0  62  65  65  65  64   0  65
 65  65  64  65  65  64   0   0   0   0  64  65  65  64  65  65
 65  65  65  66  65  65  64  51  51  64  65  65  66  65  65  65
 64  65  66  65  66  65  65  64  64  65  65  66  65  66  65  64
 73  65  65   0  65  66  65  65  65  65  66  65   0  65  65  73
  0  68  65  65  66  65  64  64  64  64  65  66  65  65  68   0
  0   0  68  65  65  65  65   0   0  65  65  65  65  68   0   0
  0   0   0  73  64  65  65  65  65  65  65  64  73   0   0   0
  0   0   0 219 223 231 231 232 232 231 231 223 219   0   0   0
  0   0 238 231 232 232 229   0   0 229 232 232 231 238   0   0
  0 238 230 232 229 232 230 230 230 230 232 229 232 230 238   0
219 231 232   0 231 231 231 231 231 231 231 231   0 232 231 219
223 232 229 231 231 231 231 223 223 231 231 231 231 229 232 223
231 232 232 231 231 232 230 204 204 230 232 231 231 232 232 231
231 229 230 231 231 230   0   0 232 232 231 231 231 230 229 231
232   0 230 231 231 231 232   0 230 231 231 231 231 230   0 232
232   0 230 231 231 231 232 238   0 232 231 231 231 230   0 232
231 229 230 231 231 230   0   0   0   0 230 231 231 230 229 231
231 232 232 231 231 232 230 204 204 230 232 231 231 232 232 231
223 232 229 231 231 231 231 223 223 231 231 231 231 229 232 223
219 231 232 255 231 231 231 231 231 231 231 231 255 232 231 219
  0 238 232 232 229 232 230 230 230 230 232 229 232 232 238   0
  0   0 238 231 232 232 229   0   0 229 232 232 231 238   0   0
  0   0   0 219 223 231 231 232 232 231 231 223 219   0   0   0

  0   0   0 255 239 241 241 241 241 241 241 239 255   0   0   0
  0   0 238 242 242 241 242   0   0 242 241 242 242 238   0   0
  0 238 241 242 238 241 239 239 239 239 241 238 242 241 238   0
255 242 242   0 239 242 241 241 241 241 242 239 255 242 242 255
239 242 238 239 241 241 241 241 241 241 241 241 239 238 242 239
241 241 241 242 241 242 241 241 241 239 242 241 242 241 241 241
241 242 239 241 241 239 241 241 238   0 239 241 241 239 242 241
241   0 239 241 239 255 241 239   0   0 255 239 241 239   0 241
241   0 239 241 239 255   0   0 238   0 255 239 241 239   0 241
241 242 239 241 241 239   0 238 241   0 239 241 241 239 242 241
241 241 241 242 241 242 239 241 241 239 242 241 242 241 241 241
239 242 238 239 241 241 241 241 241 241 241 241 239 238 242 239
255 242 242   0 239 242 241 241 241 241 242 239 255 242 242 255
  0 238 241 242 238 241 239 239 239 239 241 238 242 241 238   0
  0   0 238 242 242 241 242   0   0 242 241 242 242 238   0   0
  0   0   0 255 239 241 241 241 241 241 241 239 255   0   0   0
  0   0   0  73  64  65  65  65  65  65  65  64  73   0   0   0
  0   0  68  65  65  65  65   0   0  65  65  65  65  68   0   0
  0  68  65  66  66  65  64  64  64  64  65  66  65  65  68   0
 73  65  66   0  65  66  65  65  65  65  66  65   0  65  65  73
 64  65  66  65  66  65  65  65  65  65  65  66  65  66  65  64
 65  65  65  66  65  65  65  65  65  64  65  65  66  65  65  65
 65  65  64  65  65  64  65  65  62   0  64  65  65  64  65  65
 65   0  64  65  64  51  65  66   0   0  51  64  65  64   0  65
 65   0  64  65  64  51   0   0  68   0  51  64  65  64   0  65
 65  65  64  65  65  64   0  62  65   0  64  65  65  64  65  65
 65  65  65  66  65  65  64  65  65  64  65  65  66  65  65  65
 64  65  66  65  66  65  65  65  65  65  65  66  65  66  65  64
 73  65  66   0  65  66  65  65  65  65  66  65   0  65  65  73
  0  68  65  66  66  65  64  64  64  64  65  66  65  65  68   0
  0   0  68  65  65  65  65   0   0  65  65  65  65  68   0   0
  0   0   0  73  64  65  65  65  65  65  65  64  73   0   0   0
  0   0   0 219 223 231 231 232 232 231 231 223 219   0   0   0
  0   0 238 231 232 232 229   0   0 229 232 232 231 238   0   0
  0 238 230 232 229 232 230 230 230 230 232 229 232 232 238   0
219 231 232   0 231 231 231 231 231 231 231 231 255 232 231 219
223 232 229 231 231 231 231 231 231 231 231 231 231 229 232 223
231 232 232 231 231 232 231 231 231 230 232 231 231 232 232 231
231 229 230 231 231 230 232 231 232   0 230 231 231 230 229 231
232   0 230 231 223 204 232 230   0   0 204 223 231 230   0 232
232   0 230 231 223 204   0   0 238   0 204 223 231 230   0 232
231 229 230 231 231 230   0 232 232   0 230 231 231 230 229 231
231 232 232 231 231 232 230 231 231 230 232 231 231 232 232 231
223 232 229 231 231 231 231 231 231 231 231 231 231 229 232 223
219 231 232   0 231 231 231 231 231 231 231 231 255 232 231 219
  0 238 230 232 229 232 230 230 230 230 232 229 232 232 238   0
  0   0 238 231 232 232 229   0   0 229 232 232 231 238   0   0
  0   0   0 219 223 231 231 232 232 231 231 223 219   0   0   0

  0   0 255 241 240 240 241 241 241 241 242 240 240 255   0   0
  0 255 240 241 241 241 240 239 239 240 239 241 240 240 255   0
255 240 241 240 238 242 241 242 242 241 242 239 240 241 240 255
240 241 242 239 239 240 241 241 241 242 240 241 244 240 240 242
240 242 239 239 241 241 241 241 246 242 241 242 243 239 240 241
241 239 238 241 241 242 240 227 230 241 240 241 240 238 240 239
242 239 239 241 241 240 232 235 241 241 240 242 241 243 240 241
241 246 240 241 241 240 240 191 242 240 242 241 241 239 230 241
240 246 240 241 241 241 241 243 212 242 241 241 241 239 246 240
241 239 241 242 241 241 241 240 232 239 242 241 241 240 240 240
242 239 242 240 241 242 239 227 227 243 242 241 240 242 240 242
244 241 244 239 242 241 241 242 242 241 241 240 241 239 240 240
242 242 240 245 241 242 241 241 242 241 242 241 239 240 240 242
255 240 243 242 244 238 243 239 239 240 242 239 239 241 240 255
  0 255 240 240 241 242 245 237 230 240 242 241 240 245 255   0
  0   0 255 242 244 241 241 241 240 241 242 240 241 255   0   0
  0   0   0  57  62  63  63  63  64  64  62  62  60   0   0   0
  0   0  61  62  63  63  56  58  58  55  61  63  63  60   0   0
  0  61  62  63  61  59  61  64  64  62  61  57  62  62  60   0
 60  62  62  58  62  64  63  64  63  65  63  63  61  62  63  54
 62  63  58  62  63  64  63  56  64  64  63  64  61  57  62  61
 62  61  59  64  64  63  62  28  51  61  62  64  63  61  62  62
 64  57  61  64  64  62  46  59  62  61  63  65  64  62  59  63
 63  51  63  64  64  64  61   0  62  64  65  64  64  63  51  63
 63  51  65  64  64  65  63  62  42  63  63  64  64  65  62  63
 64  57  61  64  65  63  64  64  23  48  63  65  64  62  59  63
 63  63  59  64  64  64  63  28  57  63  64  64  64  62  63  63
 63  63  61  62  64  64  64  60  57  63  64  64  61  60  63  62
 54  63  62  57  63  64  63  63  63  65  64  61  58  62  63  54
  0  59  64  64  61  59  61  63  63  61  62  57  63  62  61   0
  0  64  59  62  62  63  61  62  59  59  62  63  63  61   0   0
  0   0   0  51  60  62  63  64  64  63  63  59  57   0   0   0
  0   0 255 227 228 230 232 231 231 232 232 231 240 255   0   0
  0 255 229 231 231 232 229 230 230 230 230 231 232 230 255   0
255 229 231 230 233 234 231 231 231 231 229 229 231 230 230 255
240 231 230 228 231 231 230 231 231 231 232 230 233 230 230 228
228 232 228 231 231 232 231 227 232 232 231 231 231 229 230 229
230 229 230 230 231 231 230 227 230 230 231 231 231 229 231 230
232 229 229 231 231 229 232 235 231 230 230 232 232 230 230 231
231 230 231 231 231 231 230 191 230 231 231 231 231 230 230 230
230 230 231 231 231 231 231 232 212 230 231 231 231 230 229 230
232 234 231 232 231 230 229 230 232 223 231 231 232 230 230 231
231 230 230 231 231 230 231 227 227 231 231 231 230 229 231 232
232 231 233 231 232 231 231 235 230 231 231 230 231 228 230 229
228 230 231 234 232 231 230 233 231 230 232 229 228 231 230 228
255 230 232 231 233 230 233 229 229 230 233 229 230 230 229 255
  0 255 230 230 230 230 235 229 221 230 231 230 230 229 255   0
  0   0 255 230 232 231 232 231 230 231 232 228 227 255   0   0

  0   0 255 242 241 241 241 240 240 240 240 240 255 255   0   0
  0 204 240 242 241 240 245 238 246 241 242 240 240 240 204   0
255 240 241 242 245 242 240 239 239 243 242 244 239 241 240 255
241 242 242 239 241 242 241 241 241 241 242 241 244 241 242 228
240 241 239 241 240 242 241 241 241 242 242 242 241 239 240 240
241 241 242 240 240 242 241 241 240 240 240 241 240 238 240 241
241 235 243 241 241 241 241 241 239 239 243 241 241 243 240 241
240 247 242 241 242 255 243 240 255 255 255 242 241 241 238 240
240 247 240 240 241 255 237 255 240 240 255 242 241 241 237 241
241 240 241 242 241 240 255 243 241 241 243 241 241 240 240 240
242 241 242 242 241 240 242 241 241 242 240 241 240 242 242 241
243 241 239 242 241 241 241 241 241 241 241 241 242 239 241 241
242 242 242 239 242 241 241 241 241 241 242 242 245 240 240 243
255 245 241 240 239 239 241 242 242 241 238 239 242 241 241 255
  0 204 240 242 241 241 245 239 246 240 241 241 240 241 255   0
  0   0 255 241 240 242 241 240 240 241 242 244 242 255   0   0
  0   0   0  54  61  64  63  64  65  65  64  62  67   0   0   0
  0  51  59  63  63  63  64  59  59  63  63  64  63  60  51   0
  0  59  64  64  62  65  64  62  64  64  62  60  61  64  60   0
 57  63  64  60  63  65  64  65  65  64  64  63  58  63  63  54
 62  63  62  63  64  65  65  65  65  65  65  64  63  62  63  62
 63  61  61  64  64  64  65  64  64  63  63  64  65  65  63  64
 63  59  64  64  64  65  63  64  62  64  63  65  64  64  64  65
 65  58  64  65  63  77  62  62  42  46  57  64  64  63  59  65
 64  58  63  65  60  57  55  64  61  64  57  60  65  63  62  65
 64  60  64  65  64  66  70  61  65  64  63  64  65  63  60  63
 64  63  63  64  65  64  64  64  65  64  64  64  64  64  63  63
 62  64  60  62  64  65  65  65  65  65  65  64  63  60  64  62
 54  64  63  57  64  64  64  65  65  64  64  62  62  63  64  61
  0  61  63  62  64  62  63  63  65  63  63  60  64  63  63   0
  0  51  60  62  63  63  62  58  59  61  63  64  64  63  51   0
  0   0   0  57  62  64  64  64  64  65  64  63  64   0   0   0
  0   0 255 228 229 231 230 230 231 231 230 229 228 255   0   0
  0 204 230 232 230 229 230 230 230 231 233 230 230 230 204   0
255 230 232 231 229 229 230 230 230 230 233 233 230 232 230 255
227 232 231 228 232 231 231 231 231 231 232 229 228 230 230 215
229 231 234 232 230 232 231 231 231 232 232 230 229 229 230 231
231 232 233 231 231 231 232 231 230 231 231 231 231 229 231 230
231 230 231 231 231 233 230 231 228 239 231 231 231 230 230 232
231 230 232 231 233 230 234 230 255 255 227 236 232 231 230 231
231 230 231 230 232 227 237 255 232 230 255 235 231 231 237 232
231 230 231 231 231 233 232 230 231 231 231 231 230 231 235 231
232 230 234 232 232 231 231 231 231 231 231 231 231 234 233 231
231 230 228 231 231 231 231 231 231 231 231 231 230 228 231 232
228 230 232 229 231 231 231 231 231 231 231 231 234 231 230 231
255 235 231 231 228 230 232 231 231 229 230 228 231 232 231 255
  0 204 230 230 231 232 229 230 238 229 230 230 230 231 204   0
  0   0 255 227 231 232 231 231 231 231 232 232 230 255   0   0
